 0
0 1 22.231
0 2 29.347
0 3 6.936
0 4 6.675
0 5 7.097
0 6 39.89
0 7 8.425
0 8 29.63
0 9 34.104
0 10 12.088
0 11 15.31
0 12 14.382
0 13 10.666
0 14 27.697
0 15 10.99
0 16 26.54
0 17 10.39
0 18 23.631
0 19 17.143
0 20 6.04
0 21 8.079
0 22 4.909
0 23 10.972
0 24 22.109
0 25 61.78
0 26 19.31
0 27 9.284
0 28 9.475
0 29 10.036
0 30 4.59
0 31 7.825
0 32 18.149
0 33 4.687
0 34 34.474
0 35 20.939
0 36 22.752
0 37 38.246
0 38 11.442
0 39 51.391
0 40 8.289
0 41 17.79
0 42 5.82
0 43 38.671
0 44 15.17
0 45 21.15
0 46 39.665
0 47 2.9
0 48 6.001
0 49 6.17
0 50 18.239
0 51 35.353
0 52 6.57
0 53 6.46
0 54 5.82
0 55 18.821
0 56 73.5
0 57 33.106
0 58 7.498
0 59 3.726
0 60 3.178
0 61 30.38
0 62 10.254
0 63 7.419
0 64 14.035
0 65 12.5
0 66 6.55
0 67 25.96
0 68 6.29
0 69 9.459
0 70 10.817
0 71 2.567
0 72 3.87
0 73 11.743
0 74 13.689
0 75 22.62
0 76 6.605
0 77 43.59
0 78 22.116
0 79 10.311
0 80 5.39
0 81 6.39
0 82 15.281
0 83 25.567
0 84 16.374
0 85 19.029
0 86 5.79
0 87 2.89
0 88 10.814
0 89 7.08
0 90 37.272
0 91 4.02
0 92 11.473
0 93 63.062
0 94 18.581
0 95 19.908
0 96 18.447
0 97 29.241
0 98 32.923
0 99 33.453
0 100 1.83
0 101 2.444
0 102 6.42
0 103 23.867
0 104 31.275
0 105 6.47
0 106 5.992
0 107 13.862
0 108 12.44
0 109 9.561
0 110 32.315
0 111 19.1
0 112 10.148
0 113 21.82
0 114 35.714
0 115 8.618
0 116 74.121
0 117 20.783
0 118 10.814
0 119 5.08
0 120 17.38
0 121 2.44
0 122 21.18
0 123 6.48
0 124 7.685
0 125 8.341
0 126 25.878
0 127 8.237
0 128 23.279
0 129 6.49
0 130 21.33
0 131 33.664
0 132 15.563
0 133 8.48
0 134 6.46
0 135 14.305
0 136 9.989
0 137 31.29
0 138 32.05
0 139 40.932
0 140 4.621
0 141 2.557
0 142 9.988
0 143 18.365
0 144 9.905
0 145 11.34
0 146 2.079
0 147 10.84
0 148 6.46
0 149 6.488
0 150 45.24
0 151 5.75
0 152 1.471
0 153 6.4
0 154 39.794
0 155 26.957
0 156 25.356
0 157 18.199
0 158 31.114
0 159 10.557
0 160 50.578
0 161 12.321
0 162 6.43
0 163 31.3
0 164 5.38
0 165 35.917
0 166 63.569
0 167 16.573
0 168 29.977
0 169 6.708
0 170 6.42
0 171 6.57
0 172 7.669
0 173 12.86
0 174 8.757
0 175 7.513
0 176 21.754
0 177 26.52
0 178 29.15
0 179 6.38
0 180 13
0 181 44.937
0 182 24.593
0 183 30.62
0 184 48.951
0 185 30.79
0 186 58.78
0 187 18.148
0 188 41.39
0 189 19.26
0 190 26.89
0 191 46.19
0 192 10.558
0 193 7.098
0 194 71.848
0 195 6.55
0 196 53.87
0 197 8.77
0 198 11.12
0 199 24.43
0 200 35.549
1 209 2.75
1 210 2.75
1 211 2.75
1 212 2.75
1 213 2.75
1 214 2.75
1 215 2.75
1 216 2.75
1 217 2.75
1 218 2.75
1 219 2.75
1 220 2.75
1 221 2.75
1 222 2.75
1 223 2.75
1 224 2.75
1 225 2.75
1 226 2.75
1 227 2.75
1 228 2.75
1 229 2.75
1 230 2.75
1 231 2.75
1 232 2.75
2 211 5.5
2 212 5.5
2 213 5.5
2 214 5.5
2 215 5.5
2 216 5.5
2 217 5.5
2 218 5.5
2 219 5.5
2 220 5.5
2 221 5.5
3 224 2.75
3 225 2.75
3 226 2.75
3 227 2.75
3 228 2.75
3 229 2.75
3 230 2.75
3 231 2.75
3 232 2.75
4 205 2.75
4 206 2.75
4 207 2.75
4 208 2.75
4 209 2.75
4 210 2.75
4 211 2.75
4 212 2.75
4 213 2.75
4 214 2.75
4 215 2.75
4 216 2.75
4 217 2.75
4 218 2.75
4 219 2.75
4 220 2.75
4 221 2.75
4 222 2.75
4 223 2.75
4 224 2.75
4 225 2.75
4 226 2.75
4 227 2.75
4 228 2.75
4 229 2.75
4 230 2.75
4 231 2.75
4 232 2.75
4 233 2.75
4 234 2.75
4 235 2.75
4 236 2.75
4 237 2.75
4 238 2.75
4 239 2.75
4 240 2.75
4 241 2.75
4 242 2.75
4 243 2.75
4 244 2.75
4 245 2.75
4 246 2.75
4 247 2.75
5 222 2.75
5 223 2.75
5 224 2.75
5 225 2.75
5 226 2.75
5 227 2.75
5 228 2.75
5 229 2.75
5 230 2.75
5 231 2.75
5 232 2.75
5 233 2.75
5 234 2.75
5 235 2.75
5 236 2.75
5 237 2.75
6 214 2.75
6 215 2.75
6 216 2.75
6 217 2.75
6 218 2.75
6 219 2.75
6 220 2.75
6 221 2.75
6 222 2.75
6 223 2.75
6 224 2.75
6 225 2.75
6 226 2.75
6 227 2.75
6 228 2.75
6 229 2.75
6 230 2.75
6 231 2.75
6 232 2.75
6 233 2.75
6 234 2.75
6 235 2.75
6 236 2.75
6 237 2.75
7 212 5.5
7 213 5.5
7 214 5.5
7 215 5.5
8 213 2.75
8 214 2.75
8 215 2.75
8 216 2.75
8 217 2.75
8 218 2.75
8 219 2.75
8 220 2.75
8 221 2.75
8 222 2.75
8 223 2.75
8 224 2.75
8 225 2.75
8 226 2.75
8 227 2.75
8 228 2.75
8 229 2.75
8 230 2.75
8 231 2.75
8 232 2.75
8 233 2.75
8 234 2.75
8 235 2.75
8 236 2.75
8 237 2.75
8 238 2.75
8 239 2.75
8 240 2.75
8 241 2.75
8 242 2.75
9 217 2.75
9 218 2.75
9 219 2.75
9 220 2.75
9 221 2.75
9 222 2.75
9 223 2.75
9 224 2.75
9 225 2.75
9 226 2.75
9 227 2.75
9 228 2.75
9 229 2.75
9 230 2.75
9 231 2.75
9 232 2.75
10 220 2.75
10 221 2.75
10 222 2.75
10 223 2.75
10 224 2.75
10 225 2.75
10 226 2.75
10 227 2.75
10 228 2.75
10 229 2.75
10 230 2.75
10 231 2.75
10 232 2.75
10 233 2.75
10 234 2.75
10 235 2.75
10 236 2.75
10 237 2.75
10 238 2.75
11 226 2.75
11 227 2.75
11 228 2.75
11 229 2.75
11 230 2.75
11 231 2.75
11 232 2.75
11 233 2.75
11 234 2.75
11 235 2.75
12 235 2.75
12 236 2.75
12 237 2.75
12 238 2.75
12 239 2.75
12 240 2.75
12 241 2.75
12 242 2.75
12 243 2.75
13 209 2.75
13 210 2.75
13 211 2.75
13 212 2.75
13 213 2.75
13 214 2.75
13 215 2.75
13 216 2.75
13 217 2.75
13 218 2.75
13 219 2.75
13 220 2.75
13 221 2.75
13 222 2.75
13 223 2.75
13 224 2.75
13 225 2.75
13 226 2.75
13 227 2.75
13 228 2.75
13 229 2.75
13 230 2.75
13 231 2.75
13 232 2.75
13 233 2.75
13 234 2.75
13 235 2.75
13 236 2.75
13 237 2.75
13 238 2.75
13 239 2.75
14 213 2.75
14 214 2.75
14 215 2.75
14 216 2.75
14 217 2.75
14 218 2.75
14 219 2.75
14 220 2.75
14 221 2.75
14 222 2.75
14 223 2.75
14 224 2.75
14 225 2.75
14 226 2.75
14 227 2.75
14 228 2.75
14 229 2.75
14 230 2.75
14 231 2.75
14 232 2.75
14 233 2.75
14 234 2.75
14 235 2.75
14 236 2.75
14 237 2.75
14 238 2.75
14 239 2.75
15 214 2.75
15 215 2.75
15 216 2.75
15 217 2.75
15 218 2.75
15 219 2.75
15 220 2.75
15 221 2.75
15 222 2.75
15 223 2.75
15 224 2.75
15 225 2.75
15 226 2.75
15 227 2.75
15 228 2.75
15 229 2.75
15 230 2.75
15 231 2.75
15 232 2.75
15 233 2.75
15 234 2.75
15 235 2.75
15 236 2.75
15 237 2.75
15 238 2.75
15 239 2.75
16 209 2.75
16 210 2.75
16 211 2.75
16 212 2.75
16 213 2.75
16 214 2.75
16 215 2.75
16 216 2.75
16 217 2.75
16 218 2.75
16 219 2.75
16 220 2.75
16 221 2.75
16 222 2.75
16 223 2.75
16 224 2.75
16 225 2.75
16 226 2.75
16 227 2.75
16 228 2.75
16 229 2.75
16 230 2.75
16 231 2.75
16 232 2.75
16 233 2.75
16 234 2.75
16 235 2.75
16 236 2.75
17 213 2.75
17 214 2.75
17 215 2.75
17 216 2.75
17 217 2.75
17 218 2.75
17 219 2.75
17 220 2.75
17 221 2.75
17 222 2.75
17 223 2.75
17 224 2.75
17 225 2.75
17 226 2.75
17 227 2.75
18 203 5.5
18 204 2.75
18 205 2.75
18 206 2.75
18 207 2.75
18 208 2.75
18 209 2.75
18 210 2.75
18 211 2.75
18 212 2.75
18 213 2.75
18 214 2.75
18 215 2.75
18 216 2.75
18 217 2.75
18 218 2.75
18 219 2.75
18 220 2.75
18 221 2.75
18 222 2.75
18 223 2.75
18 224 2.75
19 205 2.75
19 206 2.75
19 207 2.75
19 208 2.75
19 209 2.75
19 210 2.75
19 211 2.75
19 212 2.75
19 213 2.75
19 214 2.75
19 215 2.75
19 216 2.75
19 217 2.75
19 218 2.75
19 219 2.75
19 220 2.75
19 221 2.75
19 222 2.75
19 223 2.75
19 224 2.75
19 225 2.75
19 226 2.75
19 227 2.75
19 228 2.75
19 229 2.75
19 230 2.75
19 231 2.75
19 232 2.75
19 233 2.75
19 234 2.75
19 235 2.75
19 236 2.75
19 237 2.75
19 238 2.75
20 208 2.75
20 209 2.75
20 210 2.75
20 211 2.75
20 212 2.75
20 213 2.75
20 214 2.75
20 215 2.75
20 216 2.75
20 217 2.75
20 218 2.75
20 219 2.75
20 220 2.75
20 221 2.75
20 222 2.75
20 223 2.75
20 224 2.75
20 225 2.75
20 226 2.75
20 227 2.75
20 228 2.75
20 229 2.75
20 230 2.75
20 231 2.75
20 232 2.75
20 233 2.75
20 234 2.75
20 235 2.75
20 236 2.75
20 237 2.75
20 238 2.75
20 239 2.75
20 240 2.75
21 208 2.75
21 209 2.75
21 210 2.75
21 211 2.75
21 212 2.75
21 213 2.75
21 214 2.75
21 215 2.75
21 216 2.75
21 217 2.75
21 218 2.75
21 219 2.75
21 220 2.75
21 221 2.75
21 222 2.75
21 223 2.75
21 224 2.75
21 225 2.75
21 226 2.75
21 227 2.75
21 228 2.75
21 229 2.75
21 230 2.75
21 231 2.75
21 232 2.75
21 233 2.75
21 234 2.75
21 235 2.75
21 236 2.75
21 237 2.75
21 238 2.75
21 239 2.75
21 240 2.75
21 241 2.75
21 242 2.75
21 243 2.75
21 244 2.75
22 208 2.75
22 209 2.75
22 210 2.75
22 211 2.75
22 212 2.75
22 213 2.75
22 214 2.75
22 215 2.75
22 216 2.75
22 217 2.75
22 218 2.75
22 219 2.75
22 220 2.75
22 221 2.75
22 222 2.75
23 209 2.75
23 210 2.75
23 211 2.75
23 212 2.75
23 213 2.75
23 214 2.75
23 215 2.75
23 216 2.75
23 217 2.75
23 218 2.75
23 219 2.75
23 220 2.75
23 221 2.75
23 222 2.75
23 223 2.75
23 224 2.75
23 225 2.75
23 226 2.75
23 227 2.75
23 228 2.75
23 229 2.75
23 230 2.75
23 231 2.75
23 232 2.75
23 233 2.75
23 234 2.75
23 235 2.75
24 209 2.75
24 210 2.75
24 211 2.75
24 212 2.75
24 213 2.75
24 214 2.75
24 215 2.75
24 216 2.75
24 217 2.75
24 218 2.75
24 219 2.75
24 220 2.75
25 210 2.75
25 211 2.75
25 212 2.75
25 213 2.75
25 214 2.75
25 215 2.75
25 216 2.75
25 217 2.75
25 218 2.75
25 219 2.75
25 220 2.75
25 221 2.75
25 222 2.75
25 223 2.75
25 224 2.75
25 225 2.75
25 226 2.75
25 227 2.75
25 228 2.75
25 229 2.75
25 230 2.75
25 231 2.75
25 232 2.75
25 233 2.75
25 234 2.75
25 235 2.75
25 236 2.75
25 237 2.75
25 238 2.75
25 239 2.75
25 240 2.75
25 241 2.75
25 242 2.75
25 243 2.75
25 244 2.75
25 245 2.75
25 246 2.75
25 247 2.75
25 248 2.75
26 213 2.75
26 214 2.75
26 215 2.75
26 216 2.75
26 217 2.75
26 218 2.75
26 219 2.75
26 220 2.75
26 221 2.75
26 222 2.75
26 223 2.75
26 224 2.75
26 225 2.75
26 226 2.75
26 227 2.75
26 228 2.75
26 229 2.75
26 230 2.75
26 231 2.75
26 232 2.75
26 233 2.75
26 234 2.75
26 235 2.75
26 236 2.75
26 237 2.75
26 238 2.75
26 239 2.75
26 240 2.75
26 241 2.75
26 242 2.75
26 243 2.75
26 244 2.75
26 245 2.75
26 246 2.75
26 247 2.75
27 237 2.75
27 238 2.75
27 239 2.75
27 240 2.75
27 241 2.75
27 242 2.75
27 243 2.75
27 244 2.75
27 245 2.75
27 246 2.75
27 247 2.75
27 248 2.75
27 249 2.75
27 250 2.75
27 251 5.5
28 213 2.75
28 214 2.75
28 215 2.75
28 216 2.75
28 217 2.75
28 218 2.75
28 219 2.75
28 220 2.75
28 221 2.75
28 222 2.75
28 223 2.75
28 224 2.75
28 225 2.75
28 226 2.75
28 227 2.75
28 228 2.75
28 229 2.75
28 230 2.75
28 231 2.75
28 232 2.75
28 233 2.75
28 234 2.75
28 235 2.75
28 236 2.75
28 237 2.75
28 238 2.75
29 231 2.75
29 232 2.75
29 233 2.75
29 234 2.75
29 235 2.75
29 236 2.75
29 237 2.75
29 238 2.75
29 239 2.75
29 240 2.75
29 241 2.75
29 242 2.75
29 243 2.75
29 244 2.75
30 204 2.75
30 205 2.75
30 206 2.75
30 207 2.75
30 208 2.75
30 209 2.75
31 207 2.75
31 208 2.75
31 209 2.75
31 210 2.75
31 211 2.75
31 212 2.75
31 213 2.75
31 214 2.75
31 215 2.75
31 216 2.75
31 217 2.75
31 218 2.75
31 219 2.75
31 220 2.75
31 221 2.75
31 222 2.75
31 223 2.75
31 224 2.75
32 208 2.75
32 209 2.75
32 210 2.75
32 211 2.75
32 212 2.75
32 213 2.75
32 214 2.75
32 215 2.75
32 216 2.75
32 217 2.75
32 218 2.75
32 219 2.75
32 220 2.75
32 221 2.75
32 222 2.75
32 223 2.75
32 224 2.75
32 225 2.75
32 226 2.75
32 227 2.75
32 228 2.75
32 229 2.75
32 230 2.75
32 231 2.75
32 232 2.75
32 233 2.75
32 234 2.75
32 235 2.75
32 236 2.75
32 237 2.75
32 238 2.75
32 239 2.75
32 240 2.75
32 241 2.75
32 242 2.75
32 243 2.75
32 244 2.75
32 245 2.75
32 246 2.75
32 247 2.75
32 248 2.75
32 249 2.75
33 212 2.75
33 213 2.75
33 214 2.75
33 215 2.75
33 216 2.75
33 217 2.75
33 218 2.75
33 219 2.75
33 220 2.75
33 221 2.75
33 222 2.75
33 223 2.75
33 224 2.75
33 225 2.75
33 226 2.75
33 227 2.75
33 228 2.75
33 229 2.75
33 230 2.75
33 231 2.75
33 232 2.75
33 233 2.75
33 234 2.75
33 235 2.75
33 236 2.75
33 237 2.75
33 238 2.75
33 239 2.75
34 229 2.75
34 230 2.75
34 231 2.75
34 232 2.75
34 233 2.75
34 234 2.75
34 235 2.75
34 236 2.75
34 237 2.75
34 238 2.75
34 239 2.75
34 240 2.75
34 241 2.75
34 242 2.75
34 243 2.75
34 244 2.75
35 203 5.5
35 204 2.75
35 205 2.75
35 206 2.75
35 207 2.75
35 208 2.75
35 209 2.75
35 210 2.75
35 211 2.75
35 212 2.75
35 213 2.75
35 214 2.75
35 215 2.75
35 216 2.75
35 217 2.75
35 218 2.75
35 219 2.75
35 220 2.75
35 221 2.75
35 222 2.75
35 223 2.75
35 224 2.75
35 225 2.75
35 226 2.75
35 227 2.75
35 228 2.75
35 229 2.75
35 230 2.75
35 231 2.75
35 232 2.75
35 233 2.75
35 234 2.75
35 235 2.75
35 236 2.75
35 237 2.75
35 238 2.75
35 239 2.75
35 240 2.75
35 241 2.75
35 242 2.75
35 243 2.75
35 244 2.75
35 245 2.75
35 246 2.75
36 210 2.75
36 211 2.75
36 212 2.75
36 213 2.75
36 214 2.75
36 215 2.75
36 216 2.75
36 217 2.75
36 218 2.75
36 219 2.75
36 220 2.75
36 221 2.75
36 222 2.75
36 223 2.75
36 224 2.75
36 225 2.75
36 226 2.75
36 227 2.75
36 228 2.75
36 229 2.75
36 230 2.75
36 231 2.75
36 232 2.75
36 233 2.75
36 234 2.75
36 235 2.75
36 236 2.75
36 237 2.75
36 238 2.75
37 210 2.75
37 211 2.75
37 212 2.75
37 213 2.75
37 214 2.75
37 215 2.75
37 216 2.75
37 217 2.75
37 218 2.75
37 219 2.75
37 220 2.75
37 221 2.75
37 222 2.75
37 223 2.75
37 224 2.75
37 225 2.75
37 226 2.75
37 227 2.75
37 228 2.75
37 229 2.75
37 230 2.75
37 231 2.75
37 232 2.75
37 233 2.75
37 234 2.75
38 212 2.75
38 213 2.75
38 214 2.75
38 215 2.75
38 216 2.75
38 217 2.75
38 218 2.75
38 219 2.75
38 220 2.75
38 221 2.75
38 222 2.75
38 223 2.75
38 224 2.75
38 225 2.75
38 226 2.75
38 227 2.75
38 228 2.75
38 229 2.75
38 230 2.75
38 231 2.75
39 213 2.75
39 214 2.75
39 215 2.75
39 216 2.75
39 217 2.75
39 218 2.75
39 219 2.75
39 220 2.75
39 221 2.75
39 222 2.75
39 223 2.75
39 224 2.75
39 225 2.75
39 226 2.75
39 227 2.75
39 228 2.75
39 229 2.75
39 230 2.75
39 231 2.75
39 232 2.75
39 233 2.75
39 234 2.75
39 235 2.75
39 236 2.75
40 222 2.75
40 223 2.75
40 224 2.75
40 225 2.75
40 226 2.75
40 227 2.75
40 228 2.75
40 229 2.75
40 230 2.75
40 231 2.75
41 225 2.75
41 226 2.75
41 227 2.75
41 228 2.75
41 229 2.75
41 230 2.75
41 231 2.75
41 232 2.75
41 233 2.75
41 234 2.75
41 235 2.75
41 236 2.75
41 237 2.75
41 238 2.75
41 239 2.75
41 240 2.75
42 235 2.75
42 236 2.75
42 237 2.75
42 238 2.75
42 239 2.75
42 240 2.75
42 241 2.75
43 208 2.75
43 209 2.75
43 210 2.75
43 211 2.75
43 212 2.75
43 213 2.75
43 214 2.75
43 215 2.75
43 216 2.75
43 217 2.75
43 218 2.75
43 219 2.75
43 220 2.75
43 221 2.75
43 222 2.75
44 210 2.75
44 211 2.75
44 212 2.75
44 213 2.75
44 214 2.75
44 215 2.75
44 216 2.75
44 217 2.75
44 218 2.75
45 210 2.75
45 211 2.75
45 212 2.75
45 213 2.75
45 214 2.75
45 215 2.75
45 216 2.75
45 217 2.75
45 218 2.75
46 211 2.75
46 212 2.75
46 213 2.75
46 214 2.75
46 215 2.75
46 216 2.75
46 217 2.75
46 218 2.75
46 219 2.75
46 220 2.75
46 221 2.75
46 222 2.75
46 223 2.75
46 224 2.75
46 225 2.75
46 226 2.75
46 227 2.75
46 228 2.75
46 229 2.75
46 230 2.75
46 231 2.75
46 232 2.75
46 233 2.75
47 212 2.75
47 213 2.75
47 214 2.75
47 215 2.75
47 216 2.75
47 217 2.75
47 218 2.75
47 219 2.75
48 207 2.75
48 208 2.75
48 209 2.75
48 210 2.75
48 211 2.75
48 212 2.75
48 213 2.75
48 214 2.75
48 215 2.75
48 216 2.75
48 217 2.75
48 218 2.75
48 219 2.75
48 220 2.75
48 221 2.75
48 222 2.75
48 223 2.75
48 224 2.75
48 225 2.75
48 226 2.75
48 227 2.75
48 228 2.75
48 229 2.75
48 230 2.75
48 231 2.75
48 232 2.75
48 233 2.75
48 234 2.75
48 235 2.75
48 236 2.75
48 237 2.75
48 238 2.75
48 239 2.75
49 208 2.75
49 209 2.75
49 210 2.75
49 211 2.75
49 212 2.75
49 213 2.75
49 214 2.75
49 215 2.75
49 216 2.75
49 217 2.75
49 218 2.75
49 219 2.75
49 220 2.75
49 221 2.75
49 222 2.75
49 223 2.75
49 224 2.75
49 225 2.75
49 226 2.75
49 227 2.75
49 228 2.75
49 229 2.75
49 230 2.75
49 231 2.75
49 232 2.75
49 233 2.75
49 234 2.75
49 235 2.75
49 236 2.75
49 237 2.75
50 210 2.75
50 211 2.75
50 212 2.75
50 213 2.75
50 214 2.75
50 215 2.75
50 216 2.75
50 217 2.75
50 218 2.75
50 219 2.75
50 220 2.75
50 221 2.75
50 222 2.75
50 223 2.75
50 224 2.75
50 225 2.75
50 226 2.75
50 227 2.75
50 228 2.75
50 229 2.75
50 230 2.75
50 231 2.75
50 232 2.75
50 233 2.75
51 211 2.75
51 212 2.75
51 213 2.75
51 214 2.75
51 215 2.75
51 216 2.75
51 217 2.75
51 218 2.75
51 219 2.75
51 220 2.75
51 221 2.75
51 222 2.75
51 223 2.75
51 224 2.75
51 225 2.75
51 226 2.75
51 227 2.75
51 228 2.75
51 229 2.75
51 230 2.75
51 231 2.75
51 232 2.75
51 233 2.75
51 234 2.75
51 235 2.75
51 236 2.75
51 237 2.75
51 238 2.75
51 239 2.75
52 212 2.75
52 213 2.75
52 214 2.75
52 215 2.75
52 216 2.75
52 217 2.75
52 218 2.75
52 219 2.75
52 220 2.75
52 221 2.75
52 222 2.75
52 223 2.75
52 224 2.75
52 225 2.75
52 226 2.75
52 227 2.75
52 228 2.75
52 229 2.75
52 230 2.75
52 231 2.75
52 232 2.75
52 233 2.75
53 202 2.75
53 203 5.5
53 204 2.75
53 205 2.75
53 206 2.75
53 207 2.75
53 208 2.75
53 209 2.75
53 210 2.75
53 211 2.75
53 212 2.75
53 213 2.75
53 214 2.75
53 215 2.75
53 216 2.75
53 217 2.75
53 218 2.75
53 219 2.75
53 220 2.75
53 221 2.75
54 207 2.75
54 208 2.75
54 209 2.75
54 210 2.75
54 211 2.75
54 212 2.75
54 213 2.75
54 214 2.75
54 215 2.75
54 216 2.75
54 217 2.75
54 218 2.75
54 219 2.75
54 220 2.75
54 221 2.75
54 222 2.75
54 223 2.75
54 224 2.75
54 225 2.75
54 226 2.75
54 227 2.75
54 228 2.75
54 229 2.75
54 230 2.75
54 231 2.75
54 232 2.75
54 233 2.75
54 234 2.75
54 235 2.75
54 236 2.75
54 237 2.75
54 238 2.75
54 239 2.75
54 240 2.75
54 241 2.75
54 242 2.75
54 243 2.75
54 244 2.75
54 245 2.75
55 209 2.75
55 210 2.75
55 211 2.75
55 212 2.75
55 213 2.75
55 214 2.75
55 215 2.75
55 216 2.75
55 217 2.75
55 218 2.75
55 219 2.75
55 220 2.75
55 221 2.75
55 222 2.75
55 223 2.75
55 224 2.75
55 225 2.75
55 226 2.75
55 227 2.75
55 228 2.75
55 229 2.75
55 230 2.75
55 231 2.75
55 232 2.75
55 233 2.75
55 234 2.75
55 235 2.75
55 236 2.75
55 237 2.75
55 238 2.75
55 239 2.75
55 240 2.75
55 241 2.75
55 242 2.75
55 243 2.75
55 244 2.75
56 214 5.5
56 215 5.5
56 216 5.5
56 217 5.5
56 218 5.5
56 219 5.5
56 220 5.5
56 221 5.5
56 222 5.5
56 223 5.5
56 224 5.5
56 225 5.5
56 226 5.5
56 227 5.5
56 228 5.5
56 229 5.5
56 230 5.5
56 231 5.5
56 232 5.5
56 233 5.5
56 234 5.5
56 235 5.5
57 214 2.75
57 215 2.75
57 216 2.75
57 217 2.75
57 218 2.75
57 219 2.75
57 220 2.75
57 221 2.75
57 222 2.75
57 223 2.75
57 224 2.75
57 225 2.75
57 226 2.75
57 227 2.75
57 228 2.75
57 229 2.75
57 230 2.75
57 231 2.75
57 232 2.75
57 233 2.75
57 234 2.75
57 235 2.75
57 236 2.75
57 237 2.75
57 238 2.75
58 215 2.75
58 216 2.75
58 217 2.75
58 218 2.75
58 219 2.75
58 220 2.75
58 221 2.75
58 222 2.75
58 223 2.75
58 224 2.75
58 225 2.75
58 226 2.75
58 227 2.75
58 228 2.75
59 230 2.75
59 231 2.75
59 232 2.75
59 233 2.75
59 234 2.75
59 235 2.75
59 236 2.75
59 237 2.75
59 238 2.75
59 239 2.75
59 240 2.75
59 241 2.75
59 242 2.75
59 243 2.75
59 244 2.75
59 245 2.75
60 231 2.75
60 232 2.75
60 233 2.75
60 234 2.75
60 235 2.75
60 236 2.75
60 237 2.75
60 238 2.75
60 239 2.75
60 240 2.75
60 241 2.75
60 242 2.75
60 243 2.75
60 244 2.75
60 245 2.75
60 246 2.75
61 215 2.75
61 216 2.75
61 217 2.75
61 218 2.75
61 219 2.75
61 220 2.75
61 221 2.75
61 222 2.75
61 223 2.75
61 224 2.75
61 225 2.75
61 226 2.75
61 227 2.75
61 228 2.75
61 229 2.75
61 230 2.75
61 231 2.75
61 232 2.75
61 233 2.75
61 234 2.75
61 235 2.75
61 236 2.75
61 237 2.75
61 238 2.75
61 239 2.75
61 240 2.75
61 241 2.75
61 242 2.75
62 215 2.75
62 216 2.75
62 217 2.75
62 218 2.75
62 219 2.75
62 220 2.75
62 221 2.75
62 222 2.75
62 223 2.75
62 224 2.75
62 225 2.75
62 226 2.75
62 227 2.75
62 228 2.75
63 221 2.75
63 222 2.75
63 223 2.75
63 224 2.75
63 225 2.75
63 226 2.75
63 227 2.75
63 228 2.75
63 229 2.75
64 205 2.75
64 206 2.75
64 207 2.75
64 208 2.75
64 209 2.75
64 210 2.75
64 211 2.75
64 212 2.75
64 213 2.75
64 214 2.75
64 215 2.75
64 216 2.75
64 217 2.75
64 218 2.75
64 219 2.75
64 220 2.75
64 221 2.75
64 222 2.75
64 223 2.75
64 224 2.75
64 225 2.75
64 226 2.75
64 227 2.75
64 228 2.75
64 229 2.75
64 230 2.75
64 231 2.75
64 232 2.75
64 233 2.75
64 234 2.75
65 207 2.75
65 208 2.75
65 209 2.75
65 210 2.75
65 211 2.75
65 212 2.75
65 213 2.75
65 214 2.75
65 215 2.75
65 216 2.75
65 217 2.75
65 218 2.75
65 219 2.75
65 220 2.75
66 207 2.75
66 208 2.75
66 209 2.75
66 210 2.75
66 211 2.75
66 212 2.75
66 213 2.75
66 214 2.75
66 215 2.75
66 216 2.75
66 217 2.75
66 218 2.75
66 219 2.75
67 208 2.75
67 209 2.75
67 210 2.75
67 211 2.75
67 212 2.75
67 213 2.75
67 214 2.75
67 215 2.75
67 216 2.75
67 217 2.75
67 218 2.75
67 219 2.75
67 220 2.75
67 221 2.75
67 222 2.75
67 223 2.75
68 210 2.75
68 211 2.75
68 212 2.75
68 213 2.75
68 214 2.75
68 215 2.75
68 216 2.75
68 217 2.75
68 218 2.75
68 219 2.75
68 220 2.75
68 221 2.75
68 222 2.75
69 212 2.75
69 213 2.75
69 214 2.75
69 215 2.75
69 216 2.75
69 217 2.75
69 218 2.75
69 219 2.75
69 220 2.75
69 221 2.75
69 222 2.75
69 223 2.75
69 224 2.75
69 225 2.75
69 226 2.75
69 227 2.75
69 228 2.75
69 229 2.75
69 230 2.75
69 231 2.75
69 232 2.75
69 233 2.75
69 234 2.75
69 235 2.75
69 236 2.75
69 237 2.75
69 238 2.75
69 239 2.75
69 240 2.75
69 241 2.75
69 242 2.75
69 243 2.75
69 244 2.75
69 245 2.75
69 246 2.75
70 213 2.75
70 214 2.75
70 215 2.75
70 216 2.75
70 217 2.75
70 218 2.75
70 219 2.75
70 220 2.75
70 221 2.75
70 222 2.75
70 223 2.75
70 224 2.75
70 225 2.75
70 226 2.75
70 227 2.75
70 228 2.75
70 229 2.75
70 230 2.75
70 231 2.75
70 232 2.75
70 233 2.75
70 234 2.75
70 235 2.75
70 236 2.75
70 237 2.75
70 238 2.75
70 239 2.75
70 240 2.75
70 241 2.75
70 242 2.75
70 243 2.75
70 244 2.75
70 245 2.75
70 246 2.75
70 247 2.75
71 214 2.75
71 215 2.75
71 216 2.75
71 217 2.75
72 222 2.75
72 223 2.75
72 224 2.75
72 225 2.75
72 226 2.75
72 227 2.75
73 224 2.75
73 225 2.75
73 226 2.75
73 227 2.75
73 228 2.75
73 229 2.75
73 230 2.75
73 231 2.75
73 232 2.75
73 233 2.75
73 234 2.75
73 235 2.75
73 236 2.75
73 237 2.75
73 238 2.75
73 239 2.75
73 240 2.75
73 241 2.75
73 242 2.75
74 230 5.5
74 231 5.5
74 232 5.5
74 233 5.5
74 234 5.5
74 235 5.5
75 209 2.75
75 210 2.75
75 211 2.75
75 212 2.75
75 213 2.75
75 214 2.75
75 215 2.75
75 216 2.75
75 217 2.75
75 218 2.75
75 219 2.75
75 220 2.75
75 221 2.75
75 222 2.75
76 210 2.75
76 211 2.75
76 212 2.75
76 213 2.75
76 214 2.75
76 215 2.75
76 216 2.75
76 217 2.75
76 218 2.75
76 219 2.75
76 220 2.75
76 221 2.75
76 222 2.75
76 223 2.75
76 224 2.75
76 225 2.75
76 226 2.75
76 227 2.75
76 228 2.75
76 229 2.75
76 230 2.75
76 231 2.75
76 232 2.75
76 233 2.75
77 211 2.75
77 212 2.75
77 213 2.75
77 214 2.75
77 215 2.75
77 216 2.75
77 217 2.75
77 218 2.75
77 219 2.75
77 220 2.75
77 221 2.75
77 222 2.75
77 223 2.75
77 224 2.75
77 225 2.75
77 226 2.75
77 227 2.75
77 228 2.75
77 229 2.75
77 230 2.75
77 231 2.75
77 232 2.75
77 233 2.75
77 234 2.75
77 235 2.75
77 236 2.75
78 212 2.75
78 213 2.75
78 214 2.75
78 215 2.75
78 216 2.75
78 217 2.75
78 218 2.75
78 219 2.75
78 220 2.75
78 221 2.75
78 222 2.75
78 223 2.75
78 224 2.75
79 217 2.75
79 218 2.75
79 219 2.75
79 220 2.75
79 221 2.75
79 222 2.75
79 223 2.75
79 224 2.75
79 225 2.75
79 226 2.75
79 227 2.75
79 228 2.75
80 220 2.75
80 221 2.75
80 222 2.75
80 223 2.75
80 224 2.75
80 225 2.75
80 226 2.75
80 227 2.75
80 228 2.75
80 229 2.75
80 230 2.75
80 231 2.75
80 232 2.75
80 233 2.75
80 234 2.75
80 235 2.75
80 236 2.75
80 237 2.75
80 238 2.75
80 239 2.75
80 240 2.75
80 241 2.75
80 242 2.75
80 243 2.75
80 244 2.75
80 245 2.75
80 246 2.75
81 202 2.75
81 203 5.5
81 204 2.75
81 205 2.75
81 206 2.75
81 207 2.75
81 208 2.75
81 209 2.75
81 210 2.75
81 211 2.75
81 212 2.75
81 213 2.75
81 214 2.75
81 215 2.75
81 216 2.75
81 217 2.75
81 218 2.75
81 219 2.75
81 220 2.75
81 221 2.75
81 222 2.75
81 223 2.75
81 224 2.75
81 225 2.75
81 226 2.75
81 227 2.75
81 228 2.75
81 229 2.75
81 230 2.75
81 231 2.75
81 232 2.75
81 233 2.75
81 234 2.75
82 209 2.75
82 210 2.75
82 211 2.75
82 212 2.75
82 213 2.75
82 214 2.75
82 215 2.75
82 216 2.75
82 217 2.75
82 218 2.75
82 219 2.75
82 220 2.75
82 221 2.75
82 222 2.75
82 223 2.75
82 224 2.75
82 225 2.75
82 226 2.75
82 227 2.75
82 228 2.75
82 229 2.75
82 230 2.75
82 231 2.75
82 232 2.75
82 233 2.75
82 234 2.75
82 235 2.75
82 236 2.75
83 217 2.75
83 218 2.75
83 219 2.75
83 220 2.75
83 221 2.75
83 222 2.75
83 223 2.75
83 224 2.75
83 225 2.75
83 226 2.75
83 227 2.75
83 228 2.75
83 229 2.75
83 230 2.75
83 231 2.75
83 232 2.75
83 233 2.75
83 234 2.75
83 235 2.75
83 236 2.75
83 237 2.75
83 238 2.75
83 239 2.75
83 240 2.75
83 241 2.75
83 242 2.75
83 243 2.75
83 244 2.75
83 245 2.75
83 246 2.75
83 247 2.75
83 248 2.75
83 249 2.75
84 209 2.75
84 210 2.75
84 211 2.75
84 212 2.75
84 213 2.75
84 214 2.75
84 215 2.75
84 216 2.75
84 217 2.75
84 218 2.75
84 219 2.75
84 220 2.75
84 221 2.75
84 222 2.75
84 223 2.75
84 224 2.75
84 225 2.75
84 226 2.75
84 227 2.75
84 228 2.75
84 229 2.75
84 230 2.75
84 231 2.75
85 209 2.75
85 210 2.75
85 211 2.75
85 212 2.75
85 213 2.75
85 214 2.75
85 215 2.75
85 216 2.75
85 217 2.75
85 218 2.75
85 219 2.75
85 220 2.75
85 221 2.75
85 222 2.75
85 223 2.75
85 224 2.75
85 225 2.75
85 226 2.75
85 227 2.75
85 228 2.75
85 229 2.75
85 230 2.75
85 231 2.75
85 232 2.75
85 233 2.75
85 234 2.75
85 235 2.75
85 236 2.75
85 237 2.75
85 238 2.75
85 239 2.75
85 240 2.75
85 241 2.75
85 242 2.75
85 243 2.75
85 244 2.75
86 209 2.75
86 210 2.75
86 211 2.75
86 212 2.75
86 213 2.75
86 214 2.75
86 215 2.75
86 216 2.75
86 217 2.75
86 218 2.75
86 219 2.75
86 220 2.75
86 221 2.75
86 222 2.75
86 223 2.75
86 224 2.75
86 225 2.75
86 226 2.75
86 227 2.75
86 228 2.75
86 229 2.75
86 230 2.75
86 231 2.75
86 232 2.75
86 233 2.75
87 211 2.75
87 212 2.75
87 213 2.75
87 214 2.75
87 215 2.75
88 211 2.75
88 212 2.75
88 213 2.75
88 214 2.75
88 215 2.75
88 216 2.75
88 217 2.75
88 218 2.75
88 219 2.75
88 220 2.75
88 221 2.75
88 222 2.75
88 223 2.75
88 224 2.75
88 225 2.75
88 226 2.75
88 227 2.75
88 228 2.75
88 229 2.75
88 230 2.75
88 231 2.75
88 232 2.75
88 233 2.75
88 234 2.75
88 235 2.75
88 236 2.75
88 237 2.75
88 238 2.75
88 239 2.75
88 240 2.75
89 211 2.75
89 212 2.75
89 213 2.75
89 214 2.75
89 215 2.75
89 216 2.75
89 217 2.75
89 218 2.75
89 219 2.75
89 220 2.75
89 221 2.75
89 222 2.75
89 223 2.75
89 224 2.75
89 225 2.75
89 226 2.75
89 227 2.75
89 228 2.75
89 229 2.75
89 230 2.75
89 231 2.75
89 232 2.75
89 233 2.75
89 234 2.75
89 235 2.75
89 236 2.75
89 237 2.75
89 238 2.75
89 239 2.75
89 240 2.75
89 241 2.75
89 242 2.75
89 243 2.75
90 212 2.75
90 213 2.75
90 214 2.75
90 215 2.75
90 216 2.75
90 217 2.75
90 218 2.75
90 219 2.75
90 220 2.75
90 221 2.75
90 222 2.75
90 223 2.75
90 224 2.75
90 225 2.75
90 226 2.75
90 227 2.75
90 228 2.75
90 229 2.75
90 230 2.75
90 231 2.75
90 232 2.75
90 233 2.75
90 234 2.75
90 235 2.75
90 236 2.75
90 237 2.75
90 238 2.75
90 239 2.75
90 240 2.75
90 241 2.75
90 242 2.75
90 243 2.75
91 215 2.75
91 216 2.75
91 217 2.75
91 218 2.75
91 219 2.75
91 220 2.75
91 221 2.75
91 222 2.75
91 223 2.75
91 224 2.75
92 217 2.75
92 218 2.75
92 219 2.75
92 220 2.75
92 221 2.75
92 222 2.75
92 223 2.75
92 224 2.75
92 225 2.75
92 226 2.75
92 227 2.75
92 228 2.75
92 229 2.75
92 230 2.75
92 231 2.75
92 232 2.75
92 233 2.75
92 234 2.75
92 235 2.75
92 236 2.75
92 237 2.75
92 238 2.75
92 239 2.75
92 240 2.75
93 225 5.5
93 226 5.5
93 227 5.5
93 228 5.5
93 229 5.5
93 230 5.5
93 231 5.5
93 232 5.5
93 233 5.5
93 234 5.5
93 235 5.5
93 236 5.5
93 237 5.5
93 238 5.5
93 239 5.5
93 240 5.5
93 241 5.5
93 242 5.5
93 243 5.5
94 225 2.75
94 226 2.75
94 227 2.75
94 228 2.75
94 229 2.75
94 230 2.75
94 231 2.75
94 232 2.75
94 233 2.75
94 234 2.75
94 235 2.75
94 236 2.75
94 237 2.75
94 238 2.75
94 239 2.75
94 240 2.75
94 241 2.75
94 242 2.75
94 243 2.75
94 244 2.75
94 245 2.75
94 246 2.75
94 247 2.75
94 248 2.75
95 211 2.75
95 212 2.75
95 213 2.75
95 214 2.75
95 215 2.75
95 216 2.75
95 217 2.75
95 218 2.75
95 219 2.75
95 220 2.75
95 221 2.75
95 222 2.75
95 223 2.75
95 224 2.75
95 225 2.75
95 226 2.75
95 227 2.75
95 228 2.75
95 229 2.75
95 230 2.75
95 231 2.75
95 232 2.75
95 233 2.75
95 234 2.75
95 235 2.75
95 236 2.75
95 237 2.75
95 238 2.75
95 239 2.75
95 240 2.75
96 211 2.75
96 212 2.75
96 213 2.75
96 214 2.75
96 215 2.75
96 216 2.75
96 217 2.75
96 218 2.75
96 219 2.75
97 213 2.75
97 214 2.75
97 215 2.75
97 216 2.75
97 217 2.75
97 218 2.75
97 219 2.75
97 220 2.75
97 221 2.75
97 222 2.75
97 223 2.75
97 224 2.75
98 210 2.75
98 211 2.75
98 212 2.75
98 213 2.75
98 214 2.75
98 215 2.75
98 216 2.75
98 217 2.75
98 218 2.75
98 219 2.75
98 220 2.75
98 221 2.75
98 222 2.75
98 223 2.75
98 224 2.75
98 225 2.75
98 226 2.75
98 227 2.75
98 228 2.75
98 229 2.75
98 230 2.75
98 231 2.75
98 232 2.75
98 233 2.75
98 234 2.75
98 235 2.75
98 236 2.75
98 237 2.75
98 238 2.75
98 239 2.75
98 240 2.75
98 241 2.75
98 242 2.75
99 213 2.75
99 214 2.75
99 215 2.75
99 216 2.75
99 217 2.75
99 218 2.75
99 219 2.75
99 220 2.75
99 221 2.75
99 222 2.75
99 223 2.75
99 224 2.75
99 225 2.75
99 226 2.75
99 227 2.75
99 228 2.75
99 229 2.75
99 230 2.75
99 231 2.75
99 232 2.75
99 233 2.75
99 234 2.75
99 235 2.75
99 236 2.75
99 237 2.75
99 238 2.75
100 216 2.75
100 217 2.75
101 226 2.75
101 227 2.75
101 228 2.75
102 202 2.75
102 203 5.5
102 204 2.75
102 205 2.75
102 206 2.75
102 207 2.75
102 208 2.75
102 209 2.75
102 210 2.75
102 211 2.75
102 212 2.75
102 213 2.75
102 214 2.75
102 215 2.75
102 216 2.75
102 217 2.75
102 218 2.75
102 219 2.75
102 220 2.75
103 213 2.75
103 214 2.75
103 215 2.75
103 216 2.75
103 217 2.75
103 218 2.75
103 219 2.75
103 220 2.75
103 221 2.75
103 222 2.75
104 232 5.5
104 233 5.5
104 234 5.5
104 235 5.5
104 236 5.5
104 237 5.5
104 238 5.5
104 239 5.5
104 240 5.5
104 241 5.5
104 242 5.5
104 243 5.5
104 244 5.5
105 202 2.75
105 203 5.5
105 204 2.75
105 205 2.75
105 206 2.75
105 207 2.75
105 208 2.75
105 209 2.75
105 210 2.75
105 211 2.75
105 212 2.75
105 213 2.75
105 214 2.75
105 215 2.75
105 216 2.75
105 217 2.75
105 218 2.75
105 219 2.75
105 220 2.75
105 221 2.75
105 222 2.75
105 223 2.75
105 224 2.75
105 225 2.75
105 226 2.75
105 227 2.75
105 228 2.75
105 229 2.75
105 230 2.75
105 231 2.75
105 232 2.75
105 233 2.75
106 207 2.75
106 208 2.75
106 209 2.75
106 210 2.75
106 211 2.75
106 212 2.75
106 213 2.75
106 214 2.75
106 215 2.75
107 208 2.75
107 209 2.75
107 210 2.75
107 211 2.75
107 212 2.75
107 213 2.75
107 214 2.75
107 215 2.75
107 216 2.75
107 217 2.75
107 218 2.75
107 219 2.75
107 220 2.75
107 221 2.75
107 222 2.75
107 223 2.75
107 224 2.75
107 225 2.75
107 226 2.75
107 227 2.75
107 228 2.75
107 229 2.75
107 230 2.75
107 231 2.75
107 232 2.75
107 233 2.75
107 234 2.75
107 235 2.75
108 208 2.75
108 209 2.75
108 210 2.75
108 211 2.75
108 212 2.75
108 213 2.75
108 214 2.75
108 215 2.75
108 216 2.75
108 217 2.75
108 218 2.75
108 219 2.75
108 220 2.75
108 221 2.75
108 222 2.75
108 223 2.75
108 224 2.75
109 210 2.75
109 211 2.75
109 212 2.75
109 213 2.75
109 214 2.75
109 215 2.75
109 216 2.75
109 217 2.75
109 218 2.75
109 219 2.75
109 220 2.75
109 221 2.75
109 222 2.75
109 223 2.75
109 224 2.75
109 225 2.75
109 226 2.75
109 227 2.75
109 228 2.75
109 229 2.75
109 230 2.75
109 231 2.75
109 232 2.75
109 233 2.75
109 234 2.75
109 235 2.75
109 236 2.75
109 237 2.75
109 238 2.75
109 239 2.75
109 240 2.75
109 241 2.75
109 242 2.75
109 243 2.75
109 244 2.75
109 245 2.75
109 246 2.75
109 247 2.75
110 210 5.5
110 211 5.5
110 212 5.5
110 213 5.5
110 214 5.5
110 215 5.5
110 216 5.5
110 217 5.5
110 218 5.5
110 219 5.5
110 220 5.5
110 221 5.5
110 222 5.5
111 211 2.75
111 212 2.75
111 213 2.75
111 214 2.75
111 215 2.75
111 216 2.75
111 217 2.75
111 218 2.75
111 219 2.75
111 220 2.75
111 221 2.75
111 222 2.75
111 223 2.75
111 224 2.75
111 225 2.75
111 226 2.75
111 227 2.75
111 228 2.75
111 229 2.75
111 230 2.75
111 231 2.75
111 232 2.75
111 233 2.75
111 234 2.75
111 235 2.75
111 236 2.75
111 237 2.75
111 238 2.75
111 239 2.75
112 212 2.75
112 213 2.75
112 214 2.75
112 215 2.75
112 216 2.75
112 217 2.75
112 218 2.75
112 219 2.75
112 220 2.75
112 221 2.75
112 222 2.75
112 223 2.75
112 224 2.75
112 225 2.75
112 226 2.75
112 227 2.75
112 228 2.75
112 229 2.75
113 214 2.75
113 215 2.75
113 216 2.75
113 217 2.75
113 218 2.75
113 219 2.75
113 220 2.75
113 221 2.75
113 222 2.75
113 223 2.75
113 224 2.75
113 225 2.75
113 226 2.75
113 227 2.75
113 228 2.75
113 229 2.75
113 230 2.75
113 231 2.75
113 232 2.75
113 233 2.75
113 234 2.75
113 235 2.75
113 236 2.75
113 237 2.75
113 238 2.75
113 239 2.75
113 240 2.75
113 241 2.75
113 242 2.75
113 243 2.75
113 244 2.75
113 245 2.75
113 246 2.75
114 211 2.75
114 212 2.75
114 213 2.75
114 214 2.75
114 215 2.75
114 216 2.75
114 217 2.75
114 218 2.75
114 219 2.75
114 220 2.75
114 221 2.75
114 222 2.75
114 223 2.75
114 224 2.75
114 225 2.75
114 226 2.75
114 227 2.75
114 228 2.75
114 229 2.75
114 230 2.75
114 231 2.75
114 232 2.75
114 233 2.75
115 211 2.75
115 212 2.75
115 213 2.75
115 214 2.75
115 215 2.75
115 216 2.75
115 217 2.75
115 218 2.75
115 219 2.75
115 220 2.75
115 221 2.75
115 222 2.75
115 223 2.75
115 224 2.75
115 225 2.75
115 226 2.75
115 227 2.75
115 228 2.75
115 229 2.75
115 230 2.75
115 231 2.75
115 232 2.75
115 233 2.75
115 234 2.75
115 235 2.75
115 236 2.75
115 237 2.75
115 238 2.75
115 239 2.75
115 240 2.75
115 241 2.75
115 242 2.75
115 243 2.75
115 244 2.75
115 245 2.75
115 246 2.75
115 247 2.75
116 211 5.5
116 212 5.5
116 213 5.5
116 214 5.5
116 215 5.5
116 216 5.5
116 217 5.5
116 218 5.5
116 219 5.5
116 220 5.5
116 221 5.5
116 222 5.5
116 223 5.5
116 224 5.5
116 225 5.5
116 226 5.5
116 227 5.5
116 228 5.5
116 229 5.5
116 230 5.5
116 231 5.5
116 232 5.5
116 233 5.5
117 212 2.75
117 213 2.75
117 214 2.75
117 215 2.75
117 216 2.75
117 217 2.75
117 218 2.75
117 219 2.75
117 220 2.75
117 221 2.75
117 222 2.75
117 223 2.75
117 224 2.75
117 225 2.75
117 226 2.75
117 227 2.75
117 228 2.75
117 229 2.75
117 230 2.75
117 231 2.75
117 232 2.75
117 233 2.75
117 234 2.75
117 235 2.75
117 236 2.75
117 237 2.75
117 238 2.75
117 239 2.75
117 240 2.75
117 241 2.75
117 242 2.75
117 243 2.75
117 244 2.75
117 245 2.75
117 246 2.75
117 247 2.75
117 248 2.75
117 249 2.75
117 250 2.75
118 220 2.75
118 221 2.75
118 222 2.75
118 223 2.75
118 224 2.75
118 225 2.75
118 226 2.75
118 227 2.75
118 228 2.75
118 229 2.75
118 230 2.75
118 231 2.75
118 232 2.75
118 233 2.75
118 234 2.75
118 235 2.75
118 236 2.75
119 233 2.75
119 234 2.75
119 235 2.75
119 236 2.75
119 237 2.75
119 238 2.75
119 239 2.75
119 240 2.75
119 241 2.75
119 242 2.75
119 243 2.75
119 244 2.75
120 239 2.75
120 240 2.75
120 241 2.75
120 242 2.75
120 243 2.75
120 244 2.75
120 245 2.75
120 246 2.75
120 247 2.75
120 248 2.75
121 240 2.75
121 241 2.75
122 240 2.75
122 241 2.75
122 242 2.75
122 243 2.75
122 244 2.75
122 245 2.75
122 246 2.75
122 247 2.75
122 248 2.75
123 202 2.75
123 203 5.5
123 204 2.75
123 205 2.75
123 206 2.75
123 207 2.75
123 208 2.75
123 209 2.75
123 210 2.75
123 211 2.75
123 212 2.75
123 213 2.75
123 214 2.75
123 215 2.75
123 216 2.75
123 217 2.75
123 218 2.75
123 219 2.75
123 220 2.75
123 221 2.75
123 222 2.75
123 223 2.75
123 224 2.75
123 225 2.75
123 226 2.75
123 227 2.75
123 228 2.75
123 229 2.75
123 230 2.75
123 231 2.75
123 232 2.75
123 233 2.75
124 211 2.75
124 212 2.75
124 213 2.75
124 214 2.75
124 215 2.75
124 216 2.75
124 217 2.75
124 218 2.75
124 219 2.75
124 220 2.75
124 221 2.75
124 222 2.75
124 223 2.75
124 224 2.75
124 225 2.75
124 226 2.75
124 227 2.75
124 228 2.75
124 229 2.75
124 230 2.75
124 231 2.75
124 232 2.75
124 233 2.75
124 234 2.75
124 235 2.75
124 236 2.75
124 237 2.75
124 238 2.75
124 239 2.75
124 240 2.75
124 241 2.75
124 242 2.75
124 243 2.75
124 244 2.75
124 245 2.75
124 246 2.75
124 247 2.75
125 212 2.75
125 213 2.75
125 214 2.75
125 215 2.75
125 216 2.75
125 217 2.75
125 218 2.75
125 219 2.75
125 220 2.75
125 221 2.75
125 222 2.75
125 223 2.75
125 224 2.75
125 225 2.75
125 226 2.75
125 227 2.75
125 228 2.75
125 229 2.75
125 230 2.75
125 231 2.75
125 232 2.75
125 233 2.75
125 234 2.75
125 235 2.75
125 236 2.75
125 237 2.75
125 238 2.75
125 239 2.75
125 240 2.75
125 241 2.75
125 242 2.75
125 243 2.75
125 244 2.75
125 245 2.75
126 218 2.75
126 219 2.75
126 220 2.75
126 221 2.75
126 222 2.75
126 223 2.75
126 224 2.75
126 225 2.75
126 226 2.75
126 227 2.75
126 228 2.75
127 223 2.75
127 224 2.75
127 225 2.75
127 226 2.75
127 227 2.75
127 228 2.75
127 229 2.75
127 230 2.75
127 231 2.75
127 232 2.75
127 233 2.75
127 234 2.75
127 235 2.75
127 236 2.75
127 237 2.75
127 238 2.75
127 239 2.75
127 240 2.75
128 224 2.75
128 225 2.75
128 226 2.75
128 227 2.75
128 228 2.75
128 229 2.75
128 230 2.75
128 231 2.75
128 232 2.75
128 233 2.75
128 234 2.75
128 235 2.75
128 236 2.75
128 237 2.75
128 238 2.75
128 239 2.75
128 240 2.75
128 241 2.75
128 242 2.75
128 243 2.75
128 244 2.75
128 245 2.75
129 202 2.75
129 203 5.5
129 204 2.75
129 205 2.75
129 206 2.75
129 207 2.75
129 208 2.75
129 209 2.75
129 210 2.75
129 211 2.75
129 212 2.75
129 213 2.75
129 214 2.75
129 215 2.75
129 216 2.75
129 217 2.75
129 218 2.75
129 219 2.75
129 220 2.75
129 221 2.75
129 222 2.75
129 223 2.75
129 224 2.75
129 225 2.75
129 226 2.75
129 227 2.75
129 228 2.75
129 229 2.75
129 230 2.75
129 231 2.75
129 232 2.75
129 233 2.75
129 234 2.75
130 207 2.75
130 208 2.75
130 209 2.75
130 210 2.75
130 211 2.75
130 212 2.75
130 213 2.75
130 214 2.75
130 215 2.75
130 216 2.75
130 217 2.75
130 218 2.75
130 219 2.75
130 220 2.75
130 221 2.75
130 222 2.75
130 223 2.75
130 224 2.75
130 225 2.75
130 226 2.75
130 227 2.75
130 228 2.75
130 229 2.75
130 230 2.75
130 231 2.75
130 232 2.75
130 233 2.75
130 234 2.75
130 235 2.75
130 236 2.75
130 237 2.75
130 238 2.75
131 212 2.75
131 213 2.75
131 214 2.75
131 215 2.75
131 216 2.75
131 217 2.75
131 218 2.75
131 219 2.75
131 220 2.75
131 221 2.75
131 222 2.75
131 223 2.75
131 224 2.75
131 225 2.75
131 226 2.75
131 227 2.75
131 228 2.75
131 229 2.75
131 230 2.75
131 231 2.75
131 232 2.75
131 233 2.75
131 234 2.75
131 235 2.75
131 236 2.75
131 237 2.75
131 238 2.75
132 218 2.75
132 219 2.75
132 220 2.75
132 221 2.75
132 222 2.75
132 223 2.75
132 224 2.75
132 225 2.75
132 226 2.75
132 227 2.75
132 228 2.75
132 229 2.75
132 230 2.75
132 231 2.75
132 232 2.75
132 233 2.75
133 230 2.75
133 231 2.75
133 232 2.75
133 233 2.75
133 234 2.75
133 235 2.75
133 236 2.75
133 237 2.75
133 238 2.75
133 239 2.75
133 240 2.75
133 241 2.75
133 242 2.75
133 243 2.75
133 244 2.75
134 202 2.75
134 203 5.5
134 204 2.75
134 205 2.75
134 206 2.75
134 207 2.75
134 208 2.75
134 209 2.75
134 210 2.75
134 211 2.75
134 212 2.75
134 213 2.75
134 214 2.75
134 215 2.75
134 216 2.75
134 217 2.75
134 218 2.75
134 219 2.75
134 220 2.75
134 221 2.75
134 222 2.75
134 223 2.75
134 224 2.75
134 225 2.75
134 226 2.75
134 227 2.75
134 228 2.75
134 229 2.75
134 230 2.75
134 231 2.75
134 232 2.75
134 233 2.75
134 234 2.75
135 206 2.75
135 207 2.75
135 208 2.75
135 209 2.75
135 210 2.75
135 211 2.75
135 212 2.75
135 213 2.75
135 214 2.75
135 215 2.75
135 216 2.75
135 217 2.75
135 218 2.75
135 219 2.75
135 220 2.75
135 221 2.75
135 222 2.75
135 223 2.75
135 224 2.75
135 225 2.75
135 226 2.75
135 227 2.75
135 228 2.75
135 229 2.75
135 230 2.75
135 231 2.75
135 232 2.75
135 233 2.75
135 234 2.75
135 235 2.75
135 236 2.75
135 237 2.75
135 238 2.75
135 239 2.75
135 240 2.75
135 241 2.75
135 242 2.75
136 210 2.75
136 211 2.75
136 212 2.75
136 213 2.75
136 214 2.75
136 215 2.75
136 216 2.75
136 217 2.75
136 218 2.75
136 219 2.75
136 220 2.75
136 221 2.75
136 222 2.75
136 223 2.75
136 224 2.75
136 225 2.75
136 226 2.75
136 227 2.75
136 228 2.75
136 229 2.75
136 230 2.75
136 231 2.75
136 232 2.75
136 233 2.75
136 234 2.75
136 235 2.75
136 236 2.75
136 237 2.75
136 238 2.75
136 239 2.75
136 240 2.75
136 241 2.75
136 242 2.75
136 243 2.75
137 211 2.75
137 212 2.75
137 213 2.75
137 214 2.75
137 215 2.75
137 216 2.75
137 217 2.75
137 218 2.75
137 219 2.75
137 220 2.75
137 221 2.75
137 222 2.75
137 223 2.75
137 224 2.75
137 225 2.75
137 226 2.75
137 227 2.75
137 228 2.75
137 229 2.75
137 230 2.75
137 231 2.75
137 232 2.75
137 233 2.75
137 234 2.75
137 235 2.75
137 236 2.75
137 237 2.75
138 211 2.75
138 212 2.75
138 213 2.75
138 214 2.75
138 215 2.75
138 216 2.75
138 217 2.75
138 218 2.75
138 219 2.75
138 220 2.75
138 221 2.75
138 222 2.75
138 223 2.75
138 224 2.75
138 225 2.75
138 226 2.75
138 227 2.75
138 228 2.75
138 229 2.75
138 230 2.75
138 231 2.75
138 232 2.75
138 233 2.75
138 234 2.75
138 235 2.75
139 213 2.75
139 214 2.75
139 215 2.75
139 216 2.75
139 217 2.75
139 218 2.75
139 219 2.75
139 220 2.75
139 221 2.75
139 222 2.75
139 223 2.75
139 224 2.75
139 225 2.75
139 226 2.75
139 227 2.75
139 228 2.75
140 215 2.75
140 216 2.75
140 217 2.75
140 218 2.75
140 219 2.75
140 220 2.75
140 221 2.75
140 222 2.75
140 223 2.75
140 224 2.75
140 225 2.75
140 226 2.75
140 227 2.75
140 228 2.75
140 229 2.75
140 230 2.75
140 231 2.75
140 232 2.75
140 233 2.75
140 234 2.75
140 235 2.75
140 236 2.75
140 237 2.75
140 238 2.75
140 239 2.75
140 240 2.75
140 241 2.75
140 242 2.75
141 216 2.75
141 217 2.75
141 218 2.75
141 219 2.75
142 221 2.75
142 222 2.75
142 223 2.75
142 224 2.75
142 225 2.75
142 226 2.75
142 227 2.75
142 228 2.75
142 229 2.75
142 230 2.75
142 231 2.75
142 232 2.75
142 233 2.75
142 234 2.75
142 235 2.75
142 236 2.75
142 237 2.75
142 238 2.75
142 239 2.75
142 240 2.75
142 241 2.75
142 242 2.75
142 243 2.75
142 244 2.75
142 245 2.75
142 246 2.75
142 247 2.75
142 248 2.75
143 226 2.75
143 227 2.75
143 228 2.75
143 229 2.75
143 230 2.75
143 231 2.75
143 232 2.75
144 229 2.75
144 230 2.75
144 231 2.75
144 232 2.75
144 233 2.75
144 234 2.75
144 235 2.75
144 236 2.75
144 237 2.75
144 238 2.75
144 239 2.75
144 240 2.75
144 241 2.75
145 231 2.75
145 232 2.75
145 233 2.75
145 234 2.75
145 235 2.75
145 236 2.75
145 237 2.75
145 238 2.75
145 239 2.75
145 240 2.75
145 241 2.75
145 242 2.75
145 243 2.75
145 244 2.75
146 234 2.75
146 235 2.75
147 235 2.75
147 236 2.75
147 237 2.75
147 238 2.75
147 239 2.75
148 202 2.75
148 203 5.5
148 204 2.75
148 205 2.75
148 206 2.75
148 207 2.75
148 208 2.75
148 209 2.75
148 210 2.75
148 211 2.75
148 212 2.75
148 213 2.75
148 214 2.75
148 215 2.75
148 216 2.75
148 217 2.75
148 218 2.75
148 219 2.75
148 220 2.75
148 221 2.75
148 222 2.75
148 223 2.75
148 224 2.75
148 225 2.75
148 226 2.75
148 227 2.75
148 228 2.75
148 229 2.75
148 230 2.75
148 231 2.75
148 232 2.75
148 233 2.75
149 209 2.75
149 210 2.75
149 211 2.75
149 212 2.75
149 213 2.75
149 214 2.75
149 215 2.75
149 216 2.75
149 217 2.75
149 218 2.75
149 219 2.75
149 220 2.75
149 221 2.75
149 222 2.75
149 223 2.75
149 224 2.75
149 225 2.75
149 226 2.75
149 227 2.75
149 228 2.75
149 229 2.75
149 230 2.75
149 231 2.75
149 232 2.75
149 233 2.75
149 234 2.75
149 235 2.75
149 236 2.75
149 237 2.75
149 238 2.75
149 239 2.75
149 240 2.75
149 241 2.75
149 242 2.75
149 243 2.75
149 244 2.75
150 214 5.5
150 215 5.5
150 216 5.5
150 217 5.5
150 218 5.5
150 219 5.5
150 220 5.5
150 221 5.5
150 222 5.5
150 223 5.5
150 224 5.5
150 225 5.5
150 226 5.5
150 227 5.5
150 228 5.5
150 229 5.5
151 227 2.75
151 228 2.75
151 229 2.75
151 230 2.75
151 231 2.75
151 232 2.75
151 233 2.75
151 234 2.75
151 235 2.75
151 236 2.75
151 237 2.75
151 238 2.75
151 239 2.75
151 240 2.75
151 241 2.75
151 242 2.75
151 243 2.75
151 244 2.75
152 233 2.75
152 234 2.75
152 235 2.75
152 236 2.75
152 237 2.75
152 238 2.75
152 239 2.75
153 202 2.75
153 203 5.5
153 204 2.75
153 205 2.75
153 206 2.75
153 207 2.75
153 208 2.75
153 209 2.75
153 210 2.75
153 211 2.75
153 212 2.75
153 213 2.75
153 214 2.75
153 215 2.75
153 216 2.75
153 217 2.75
153 218 2.75
153 219 2.75
153 220 2.75
153 221 2.75
153 222 2.75
153 223 2.75
153 224 2.75
153 225 2.75
153 226 2.75
153 227 2.75
153 228 2.75
153 229 2.75
153 230 2.75
153 231 2.75
153 232 2.75
153 233 2.75
153 234 2.75
154 209 2.75
154 210 2.75
154 211 2.75
154 212 2.75
154 213 2.75
154 214 2.75
154 215 2.75
154 216 2.75
154 217 2.75
154 218 2.75
154 219 2.75
154 220 2.75
154 221 2.75
154 222 2.75
154 223 2.75
154 224 2.75
154 225 2.75
154 226 2.75
154 227 2.75
154 228 2.75
154 229 2.75
154 230 2.75
154 231 2.75
154 232 2.75
154 233 2.75
154 234 2.75
154 235 2.75
154 236 2.75
154 237 2.75
154 238 2.75
154 239 2.75
154 240 2.75
154 241 2.75
154 242 2.75
155 209 2.75
155 210 2.75
155 211 2.75
155 212 2.75
155 213 2.75
155 214 2.75
155 215 2.75
155 216 2.75
155 217 2.75
155 218 2.75
155 219 2.75
155 220 2.75
155 221 2.75
155 222 2.75
155 223 2.75
156 211 2.75
156 212 2.75
156 213 2.75
156 214 2.75
156 215 2.75
156 216 2.75
156 217 2.75
156 218 2.75
156 219 2.75
156 220 2.75
156 221 2.75
156 222 2.75
156 223 2.75
156 224 2.75
157 213 2.75
157 214 2.75
157 215 2.75
157 216 2.75
157 217 2.75
157 218 2.75
157 219 2.75
157 220 2.75
157 221 2.75
157 222 2.75
157 223 2.75
157 224 2.75
157 225 2.75
157 226 2.75
157 227 2.75
158 212 2.75
158 213 2.75
158 214 2.75
158 215 2.75
158 216 2.75
158 217 2.75
158 218 2.75
158 219 2.75
158 220 2.75
158 221 2.75
158 222 2.75
158 223 2.75
158 224 2.75
158 225 2.75
158 226 2.75
158 227 2.75
158 228 2.75
158 229 2.75
158 230 2.75
158 231 2.75
158 232 2.75
158 233 2.75
158 234 2.75
158 235 2.75
158 236 2.75
158 237 2.75
158 238 2.75
158 239 2.75
158 240 2.75
158 241 2.75
158 242 2.75
158 243 2.75
158 244 2.75
158 245 2.75
158 246 2.75
158 247 2.75
159 216 2.75
159 217 2.75
159 218 2.75
159 219 2.75
159 220 2.75
159 221 2.75
159 222 2.75
159 223 2.75
159 224 2.75
159 225 2.75
159 226 2.75
159 227 2.75
159 228 2.75
159 229 2.75
159 230 2.75
159 231 2.75
159 232 2.75
159 233 2.75
159 234 2.75
159 235 2.75
160 227 2.75
160 228 2.75
160 229 2.75
160 230 2.75
160 231 2.75
160 232 2.75
160 233 2.75
160 234 2.75
160 235 2.75
160 236 2.75
160 237 2.75
160 238 2.75
160 239 2.75
160 240 2.75
160 241 2.75
160 242 2.75
160 243 2.75
160 244 2.75
160 245 2.75
160 246 2.75
161 233 2.75
161 234 2.75
161 235 2.75
161 236 2.75
161 237 2.75
161 238 2.75
162 202 2.75
162 203 5.5
162 204 2.75
162 205 2.75
162 206 2.75
162 207 2.75
162 208 2.75
162 209 2.75
162 210 2.75
162 211 2.75
162 212 2.75
162 213 2.75
162 214 2.75
162 215 2.75
162 216 2.75
162 217 2.75
162 218 2.75
162 219 2.75
162 220 2.75
162 221 2.75
162 222 2.75
162 223 2.75
162 224 2.75
162 225 2.75
162 226 2.75
162 227 2.75
162 228 2.75
162 229 2.75
162 230 2.75
162 231 2.75
162 232 2.75
162 233 2.75
162 234 2.75
163 206 2.75
163 207 2.75
163 208 2.75
163 209 2.75
163 210 2.75
163 211 2.75
163 212 2.75
163 213 2.75
163 214 2.75
163 215 2.75
163 216 2.75
163 217 2.75
163 218 2.75
163 219 2.75
163 220 2.75
163 221 2.75
163 222 2.75
163 223 2.75
163 224 2.75
163 225 2.75
163 226 2.75
163 227 2.75
163 228 2.75
163 229 2.75
163 230 2.75
163 231 2.75
163 232 2.75
163 233 2.75
163 234 2.75
163 235 2.75
163 236 2.75
163 237 2.75
163 238 2.75
163 239 2.75
164 207 2.75
164 208 2.75
164 209 2.75
164 210 2.75
164 211 2.75
164 212 2.75
164 213 2.75
164 214 2.75
164 215 2.75
164 216 2.75
164 217 2.75
164 218 2.75
164 219 2.75
164 220 2.75
164 221 2.75
164 222 2.75
164 223 2.75
164 224 2.75
164 225 2.75
164 226 2.75
164 227 2.75
164 228 2.75
164 229 2.75
164 230 2.75
164 231 2.75
164 232 2.75
164 233 2.75
164 234 2.75
164 235 2.75
164 236 2.75
164 237 2.75
164 238 2.75
164 239 2.75
164 240 2.75
164 241 2.75
165 213 2.75
165 214 2.75
165 215 2.75
165 216 2.75
165 217 2.75
165 218 2.75
165 219 2.75
165 220 2.75
165 221 2.75
165 222 2.75
165 223 2.75
165 224 2.75
165 225 2.75
165 226 2.75
165 227 2.75
165 228 2.75
165 229 2.75
165 230 2.75
165 231 2.75
165 232 2.75
165 233 2.75
165 234 2.75
165 235 2.75
165 236 2.75
165 237 2.75
165 238 2.75
165 239 2.75
165 240 2.75
165 241 2.75
165 242 2.75
165 243 2.75
165 244 2.75
165 245 2.75
165 246 2.75
165 247 2.75
166 213 2.75
166 214 2.75
166 215 2.75
166 216 2.75
166 217 2.75
166 218 2.75
166 219 2.75
166 220 2.75
166 221 2.75
166 222 2.75
166 223 2.75
166 224 2.75
166 225 2.75
166 226 2.75
166 227 2.75
166 228 2.75
166 229 2.75
166 230 2.75
166 231 2.75
166 232 2.75
166 233 2.75
166 234 2.75
166 235 2.75
166 236 2.75
166 237 2.75
166 238 2.75
166 239 2.75
166 240 2.75
166 241 2.75
166 242 2.75
167 216 5.5
167 217 5.5
167 218 5.5
167 219 5.5
167 220 5.5
168 230 2.75
168 231 2.75
168 232 2.75
168 233 2.75
168 234 2.75
168 235 2.75
168 236 2.75
168 237 2.75
168 238 2.75
168 239 2.75
168 240 2.75
168 241 2.75
168 242 2.75
168 243 2.75
169 234 2.75
169 235 2.75
169 236 2.75
169 237 2.75
169 238 2.75
169 239 2.75
169 240 2.75
169 241 2.75
169 242 2.75
169 243 2.75
169 244 2.75
169 245 2.75
169 246 2.75
169 247 2.75
169 248 2.75
169 249 2.75
170 241 2.75
170 242 2.75
170 243 2.75
170 244 2.75
170 245 2.75
171 201 2.75
171 202 2.75
171 203 5.5
171 204 2.75
171 205 2.75
171 206 2.75
171 207 2.75
171 208 2.75
171 209 2.75
171 210 2.75
171 211 2.75
171 212 2.75
171 213 2.75
171 214 2.75
171 215 2.75
171 216 2.75
171 217 2.75
171 218 2.75
171 219 2.75
171 220 2.75
171 221 2.75
171 222 2.75
171 223 2.75
171 224 2.75
171 225 2.75
171 226 2.75
171 227 2.75
171 228 2.75
171 229 2.75
171 230 2.75
171 231 2.75
171 232 2.75
171 233 2.75
171 234 2.75
171 235 2.75
172 207 2.75
172 208 2.75
172 209 2.75
172 210 2.75
172 211 2.75
172 212 2.75
172 213 2.75
172 214 2.75
172 215 2.75
172 216 2.75
172 217 2.75
172 218 2.75
172 219 2.75
172 220 2.75
173 210 2.75
173 211 2.75
173 212 2.75
173 213 2.75
173 214 2.75
173 215 2.75
173 216 2.75
173 217 2.75
173 218 2.75
173 219 2.75
173 220 2.75
173 221 2.75
173 222 2.75
173 223 2.75
173 224 2.75
173 225 2.75
173 226 2.75
173 227 2.75
173 228 2.75
173 229 2.75
173 230 2.75
173 231 2.75
173 232 2.75
173 233 2.75
173 234 2.75
173 235 2.75
173 236 2.75
173 237 2.75
173 238 2.75
173 239 2.75
173 240 2.75
173 241 2.75
173 242 2.75
173 243 2.75
173 244 2.75
174 211 2.75
174 212 2.75
174 213 2.75
174 214 2.75
174 215 2.75
174 216 2.75
174 217 2.75
174 218 2.75
174 219 2.75
174 220 2.75
174 221 2.75
174 222 2.75
174 223 2.75
174 224 2.75
174 225 2.75
174 226 2.75
174 227 2.75
174 228 2.75
174 229 2.75
174 230 2.75
174 231 2.75
174 232 2.75
174 233 2.75
174 234 2.75
174 235 2.75
174 236 2.75
174 237 2.75
174 238 2.75
174 239 2.75
174 240 2.75
174 241 2.75
174 242 2.75
174 243 2.75
174 244 2.75
175 212 2.75
175 213 2.75
175 214 2.75
175 215 2.75
175 216 2.75
175 217 2.75
175 218 2.75
175 219 2.75
175 220 2.75
175 221 2.75
175 222 2.75
175 223 2.75
175 224 2.75
175 225 2.75
175 226 2.75
175 227 2.75
175 228 2.75
176 224 2.75
176 225 2.75
176 226 2.75
176 227 2.75
176 228 2.75
176 229 2.75
176 230 2.75
176 231 2.75
176 232 2.75
177 226 5.5
177 227 5.5
177 228 5.5
177 229 5.5
177 230 5.5
177 231 5.5
177 232 5.5
177 233 5.5
177 234 5.5
177 235 5.5
178 202 2.75
178 203 5.5
178 204 2.75
178 205 2.75
178 206 2.75
178 207 2.75
178 208 2.75
178 209 2.75
178 210 2.75
178 211 2.75
178 212 2.75
178 213 2.75
178 214 2.75
178 215 2.75
178 216 2.75
178 217 2.75
178 218 2.75
178 219 2.75
178 220 2.75
178 221 2.75
178 222 2.75
178 223 2.75
178 224 2.75
178 225 2.75
178 226 2.75
178 227 2.75
178 228 2.75
178 229 2.75
178 230 2.75
178 231 2.75
178 232 2.75
178 233 2.75
178 234 2.75
178 235 2.75
179 205 2.75
179 206 2.75
179 207 2.75
179 208 2.75
179 209 2.75
179 210 2.75
179 211 2.75
179 212 2.75
179 213 2.75
179 214 2.75
179 215 2.75
179 216 2.75
179 217 2.75
179 218 2.75
179 219 2.75
179 220 2.75
179 221 2.75
179 222 2.75
179 223 2.75
179 224 2.75
179 225 2.75
179 226 2.75
179 227 2.75
179 228 2.75
179 229 2.75
179 230 2.75
179 231 2.75
179 232 2.75
179 233 2.75
179 234 2.75
180 208 2.75
180 209 2.75
180 210 2.75
180 211 2.75
180 212 2.75
180 213 2.75
180 214 2.75
180 215 2.75
180 216 2.75
180 217 2.75
180 218 2.75
180 219 2.75
180 220 2.75
180 221 2.75
180 222 2.75
180 223 2.75
180 224 2.75
180 225 2.75
180 226 2.75
180 227 2.75
180 228 2.75
181 209 2.75
181 210 2.75
181 211 2.75
181 212 2.75
181 213 2.75
181 214 2.75
181 215 2.75
181 216 2.75
181 217 2.75
181 218 2.75
181 219 2.75
181 220 2.75
181 221 2.75
181 222 2.75
181 223 2.75
181 224 2.75
181 225 2.75
181 226 2.75
181 227 2.75
181 228 2.75
181 229 2.75
181 230 2.75
181 231 2.75
181 232 2.75
181 233 2.75
181 234 2.75
181 235 2.75
181 236 2.75
181 237 2.75
181 238 2.75
181 239 2.75
181 240 2.75
182 209 2.75
182 210 2.75
182 211 2.75
182 212 2.75
182 213 2.75
182 214 2.75
182 215 2.75
182 216 2.75
182 217 2.75
182 218 2.75
182 219 2.75
182 220 2.75
182 221 2.75
182 222 2.75
182 223 2.75
182 224 2.75
182 225 2.75
182 226 2.75
182 227 2.75
182 228 2.75
182 229 2.75
182 230 2.75
182 231 2.75
182 232 2.75
182 233 2.75
182 234 2.75
182 235 2.75
182 236 2.75
182 237 2.75
182 238 2.75
183 210 2.75
183 211 2.75
183 212 2.75
183 213 2.75
183 214 2.75
183 215 2.75
183 216 2.75
183 217 2.75
183 218 2.75
183 219 2.75
183 220 2.75
183 221 2.75
183 222 2.75
183 223 2.75
183 224 2.75
183 225 2.75
183 226 2.75
183 227 2.75
183 228 2.75
183 229 2.75
183 230 2.75
183 231 2.75
183 232 2.75
183 233 2.75
183 234 2.75
183 235 2.75
183 236 2.75
183 237 2.75
183 238 2.75
183 239 2.75
183 240 2.75
183 241 2.75
183 242 2.75
183 243 2.75
183 244 2.75
183 245 2.75
184 210 2.75
184 211 2.75
184 212 2.75
184 213 2.75
184 214 2.75
184 215 2.75
184 216 2.75
184 217 2.75
184 218 2.75
184 219 2.75
184 220 2.75
184 221 2.75
184 222 2.75
184 223 2.75
184 224 2.75
184 225 2.75
184 226 2.75
184 227 2.75
184 228 2.75
185 210 2.75
185 211 2.75
185 212 2.75
185 213 2.75
185 214 2.75
185 215 2.75
185 216 2.75
185 217 2.75
185 218 2.75
185 219 2.75
185 220 2.75
185 221 2.75
185 222 2.75
185 223 2.75
186 211 2.75
186 212 2.75
186 213 2.75
186 214 2.75
186 215 2.75
186 216 2.75
186 217 2.75
186 218 2.75
186 219 2.75
186 220 2.75
186 221 2.75
186 222 2.75
186 223 2.75
186 224 2.75
186 225 2.75
186 226 2.75
186 227 2.75
186 228 2.75
186 229 2.75
186 230 2.75
186 231 2.75
186 232 2.75
186 233 2.75
186 234 2.75
186 235 2.75
186 236 2.75
186 237 2.75
186 238 2.75
186 239 2.75
186 240 2.75
186 241 2.75
186 242 2.75
186 243 2.75
186 244 2.75
186 245 2.75
186 246 2.75
186 247 2.75
186 248 2.75
186 249 2.75
186 250 2.75
187 211 2.75
187 212 2.75
187 213 2.75
187 214 2.75
187 215 2.75
187 216 2.75
187 217 2.75
187 218 2.75
187 219 2.75
187 220 2.75
187 221 2.75
187 222 2.75
187 223 2.75
187 224 2.75
187 225 2.75
187 226 2.75
187 227 2.75
187 228 2.75
187 229 2.75
187 230 2.75
187 231 2.75
187 232 2.75
188 212 2.75
188 213 2.75
188 214 2.75
188 215 2.75
188 216 2.75
188 217 2.75
188 218 2.75
188 219 2.75
188 220 2.75
188 221 2.75
188 222 2.75
188 223 2.75
188 224 2.75
188 225 2.75
188 226 2.75
188 227 2.75
188 228 2.75
188 229 2.75
188 230 2.75
188 231 2.75
188 232 2.75
188 233 2.75
188 234 2.75
188 235 2.75
189 213 2.75
189 214 2.75
189 215 2.75
189 216 2.75
189 217 2.75
189 218 2.75
189 219 2.75
189 220 2.75
189 221 2.75
189 222 2.75
189 223 2.75
189 224 2.75
189 225 2.75
189 226 2.75
189 227 2.75
189 228 2.75
189 229 2.75
189 230 2.75
189 231 2.75
189 232 2.75
189 233 2.75
189 234 2.75
189 235 2.75
189 236 2.75
189 237 2.75
189 238 2.75
189 239 2.75
189 240 2.75
189 241 2.75
189 242 2.75
189 243 2.75
189 244 2.75
189 245 2.75
190 214 2.75
190 215 2.75
190 216 2.75
190 217 2.75
190 218 2.75
190 219 2.75
190 220 2.75
190 221 2.75
190 222 2.75
190 223 2.75
190 224 2.75
190 225 2.75
190 226 2.75
190 227 2.75
190 228 2.75
190 229 2.75
190 230 2.75
190 231 2.75
190 232 2.75
190 233 2.75
190 234 2.75
190 235 2.75
190 236 2.75
190 237 2.75
190 238 2.75
190 239 2.75
190 240 2.75
190 241 2.75
190 242 2.75
190 243 2.75
190 244 2.75
190 245 2.75
190 246 2.75
190 247 2.75
191 217 2.75
191 218 2.75
191 219 2.75
191 220 2.75
191 221 2.75
191 222 2.75
191 223 2.75
191 224 2.75
191 225 2.75
191 226 2.75
191 227 2.75
191 228 2.75
191 229 2.75
191 230 2.75
191 231 2.75
191 232 2.75
191 233 2.75
191 234 2.75
191 235 2.75
191 236 2.75
191 237 2.75
191 238 2.75
191 239 2.75
191 240 2.75
191 241 2.75
191 242 2.75
191 243 2.75
192 219 2.75
192 220 2.75
192 221 2.75
192 222 2.75
192 223 2.75
192 224 2.75
192 225 2.75
192 226 2.75
192 227 2.75
192 228 2.75
192 229 2.75
192 230 2.75
192 231 2.75
192 232 2.75
192 233 2.75
192 234 2.75
192 235 2.75
193 222 2.75
193 223 2.75
193 224 2.75
193 225 2.75
193 226 2.75
193 227 2.75
193 228 2.75
193 229 2.75
193 230 2.75
193 231 2.75
193 232 2.75
193 233 2.75
193 234 2.75
193 235 2.75
193 236 2.75
193 237 2.75
193 238 2.75
193 239 2.75
193 240 2.75
193 241 2.75
193 242 2.75
193 243 2.75
193 244 2.75
193 245 2.75
193 246 2.75
194 223 5.5
194 224 5.5
194 225 5.5
194 226 5.5
194 227 5.5
194 228 5.5
194 229 5.5
194 230 5.5
194 231 5.5
194 232 5.5
194 233 5.5
194 234 5.5
194 235 5.5
194 236 5.5
194 237 5.5
194 238 5.5
194 239 5.5
194 240 5.5
194 241 5.5
194 242 5.5
195 202 2.75
195 203 5.5
195 204 2.75
195 205 2.75
195 206 2.75
195 207 2.75
195 208 2.75
195 209 2.75
195 210 2.75
195 211 2.75
195 212 2.75
195 213 2.75
195 214 2.75
195 215 2.75
195 216 2.75
195 217 2.75
195 218 2.75
195 219 2.75
195 220 2.75
195 221 2.75
195 222 2.75
195 223 2.75
195 224 2.75
195 225 2.75
195 226 2.75
195 227 2.75
195 228 2.75
195 229 2.75
195 230 2.75
195 231 2.75
195 232 2.75
195 233 2.75
195 234 2.75
196 204 2.75
196 205 2.75
196 206 2.75
196 207 2.75
196 208 2.75
196 209 2.75
196 210 2.75
196 211 2.75
196 212 2.75
196 213 2.75
196 214 2.75
196 215 2.75
196 216 2.75
196 217 2.75
196 218 2.75
196 219 2.75
196 220 2.75
196 221 2.75
196 222 2.75
196 223 2.75
196 224 2.75
196 225 2.75
196 226 2.75
196 227 2.75
196 228 2.75
196 229 2.75
196 230 2.75
196 231 2.75
196 232 2.75
196 233 2.75
196 234 2.75
196 235 2.75
196 236 2.75
197 205 2.75
197 206 2.75
197 207 2.75
197 208 2.75
197 209 2.75
197 210 2.75
197 211 2.75
198 206 2.75
198 207 2.75
198 208 2.75
198 209 2.75
198 210 2.75
198 211 2.75
198 212 2.75
198 213 2.75
198 214 2.75
198 215 2.75
198 216 2.75
198 217 2.75
198 218 2.75
198 219 2.75
198 220 2.75
198 221 2.75
198 222 2.75
198 223 2.75
198 224 2.75
198 225 2.75
198 226 2.75
198 227 2.75
198 228 2.75
198 229 2.75
198 230 2.75
198 231 2.75
198 232 2.75
198 233 2.75
198 234 2.75
198 235 2.75
198 236 2.75
198 237 2.75
198 238 2.75
198 239 2.75
198 240 2.75
199 208 2.75
199 209 2.75
199 210 2.75
199 211 2.75
199 212 2.75
199 213 2.75
199 214 2.75
199 215 2.75
199 216 2.75
199 217 2.75
199 218 2.75
199 219 2.75
199 220 2.75
199 221 2.75
199 222 2.75
199 223 2.75
199 224 2.75
199 225 2.75
199 226 2.75
199 227 2.75
199 228 2.75
199 229 2.75
199 230 2.75
199 231 2.75
199 232 2.75
199 233 2.75
199 234 2.75
199 235 2.75
199 236 2.75
199 237 2.75
199 238 2.75
199 239 2.75
199 240 2.75
200 208 2.75
200 209 2.75
200 210 2.75
200 211 2.75
200 212 2.75
200 213 2.75
200 214 2.75
200 215 2.75
200 216 2.75
200 217 2.75
200 218 2.75
200 219 2.75
200 220 2.75
200 221 2.75
200 222 2.75
200 223 2.75
200 224 2.75
200 225 2.75
200 226 2.75
200 227 2.75
200 228 2.75
200 229 2.75
200 230 2.75
201 252 71.1437
202 252 71.1437
203 252 142.287
204 252 71.1437
205 252 71.1437
206 252 71.1437
207 252 71.1437
208 252 71.1437
209 252 71.1437
210 252 71.1437
211 252 71.1437
212 252 71.1437
213 252 71.1437
214 252 71.1437
215 252 71.1437
216 252 71.1437
217 252 71.1437
218 252 71.1437
219 252 71.1437
220 252 71.1437
221 252 71.1437
222 252 71.1437
223 252 71.1437
224 252 71.1437
225 252 71.1437
226 252 71.1437
227 252 71.1437
228 252 71.1437
229 252 71.1437
230 252 71.1437
231 252 71.1437
232 252 71.1437
233 252 71.1437
234 252 71.1437
235 252 71.1437
236 252 71.1437
237 252 71.1437
238 252 71.1437
239 252 71.1437
240 252 71.1437
241 252 71.1437
242 252 71.1437
243 252 71.1437
244 252 71.1437
245 252 71.1437
246 252 71.1437
247 252 71.1437
248 252 71.1437
249 252 71.1437
250 252 71.1437
251 252 142.287
